%YAML:1.0
---
camera_matrix: !!opencv-matrix
   rows: 3
   cols: 3
   dt: d
   data: [ 1430.0181977769719, 0., 935.2489668515334, 0.,
       1443.510429843795, 561.24877126270758, 0., 0., 1. ]
dist_coeffs: !!opencv-matrix
   rows: 1
   cols: 5
   dt: d
   data: [ -0.37943487611896742, 0.16467111043539773,
       -0.0051771518909838748, -0.0015521309345923639,
       -0.024230353262499223 ]
